[?1034hnentries=79518
processing entry 0 out of 79518
[0, 0, 0, 0, 0, 0, 0, 0, 0, 0, 0, 0, 0, 0]
processing entry 10000 out of 79518
[10000, 208, 204, 105, 105, 45, 45, 0, 0, 0, 0, 0, 0, 0]
processing entry 20000 out of 79518
[20000, 434, 428, 234, 234, 79, 79, 0, 0, 0, 0, 0, 0, 0]
processing entry 30000 out of 79518
[30000, 650, 643, 346, 346, 119, 119, 0, 0, 0, 0, 0, 0, 0]
processing entry 40000 out of 79518
[40000, 874, 864, 458, 458, 155, 155, 0, 0, 0, 0, 0, 0, 0]
processing entry 50000 out of 79518
[50000, 1096, 1083, 578, 578, 216, 216, 0, 0, 0, 0, 0, 0, 0]
processing entry 60000 out of 79518
[60000, 1294, 1279, 685, 685, 251, 251, 0, 0, 0, 0, 0, 0, 0]
processing entry 70000 out of 79518
[70000, 1531, 1510, 819, 819, 302, 302, 0, 0, 0, 0, 0, 0, 0]
Total 79518 100(100)
Dilepton 1748 2.19824442265 2.19824442265
DileptonPt 1723 98.5697940503 2.16680500013
DileptonInvMass 928 53.8595473012 1.16703136397
GT1J 928 100.0 1.16703136397
MetCut 353 38.0387931034 0.443924645992
Ht 353 100.0 0.443924645992
MetDHt 1 0.28328611898 0.00125757690083
NoBTags 0 0.0 0.0
MtautauVeto 0 0.0 0.0
Mt 0 0.0 0.0
LeptonPt 0 0.0 0.0
Eta 0 0.0 0.0
DileptonLepCorMET 0 0.0 0.0
