Total 10046216 100 100
Dilepton 215978 2.14984427968 2.14984427968
GT1J 215668 99.8564668624 2.14675854073
NoBTags 27731 12.8581894393 0.276034279972
MetCut 3869 13.9518949912 0.0385120128813
DileptonPt 3861 99.7932282243 0.0384323809084
LeptonPt 555 14.3745143745 0.00552446811815
MetDHt 333 60.0 0.00331468087089
Mt 73 21.9219219219 0.000726641752477
DileptonInvMass 60 82.1917808219 0.000597239796556
Ht 60 100.0 0.000597239796556
Eta 60 100.0 0.000597239796556
MtautauVeto 55 91.6666666667 0.00054746981351
DileptonLepCorMET 55 100.0 0.00054746981351
