mu100 dm0p18 0.01 0.00 0.02 0.01 0.01 0.00 0.01 0.01 0.02
mu100 dm0p30 0.01 0.00 0.00 0.00 0.00 0.00 0.01 0.00 0.00
mu100 dm0p51 0.02 0.00 0.00 0.06 0.02 0.03 0.06 0.02 0.03
mu100 dm0p86 0.11 0.04 0.01 0.08 0.07 0.08 0.13 0.08 0.08
mu100 dm12p84 0.40 0.09 0.10 4.00 0.61 0.55 4.02 0.62 0.56
mu100 dm1p13 0.06 0.05 0.06 6.23 0.83 0.84 6.23 0.83 0.84
mu100 dm1p47 0.51 0.11 0.10 15.17 1.86 1.69 15.18 1.86 1.69
mu100 dm1p92 0.53 0.21 0.22 18.51 4.80 4.58 18.51 4.80 4.58
mu100 dm2p51 0.46 0.29 0.31 49.68 8.79 8.77 49.68 8.79 8.77
mu100 dm3p28 0.50 0.42 0.44 62.86 12.02 11.45 62.86 12.02 11.46
mu100 dm4p30 0.45 0.38 0.41 54.02 9.44 9.21 54.02 9.45 9.22
mu100 dm7p39 0.21 0.20 0.21 7.00 2.87 2.43 7.00 2.87 2.44
mu100 dm9p73 0.14 0.12 0.12 6.25 1.46 1.27 6.25 1.47 1.28
mu115 dm0p30 0.07 0.00 0.00 0.00 0.00 0.00 0.07 0.00 0.00
mu115 dm0p51 0.01 0.00 0.00 0.01 0.05 0.02 0.01 0.05 0.02
mu115 dm0p86 0.23 0.02 0.02 2.42 0.12 0.14 2.44 0.12 0.14
mu115 dm13p01 0.36 0.07 0.07 2.76 0.43 0.30 2.79 0.44 0.31
mu115 dm1p13 0.08 0.05 0.04 1.01 0.32 0.33 1.01 0.32 0.33
mu115 dm1p47 0.29 0.06 0.06 3.92 1.30 1.31 3.93 1.30 1.31
mu115 dm1p92 0.17 0.14 0.15 7.42 3.11 3.11 7.42 3.11 3.11
mu115 dm2p52 0.32 0.21 0.21 30.68 6.56 6.24 30.68 6.56 6.25
mu115 dm3p29 0.34 0.23 0.24 34.38 6.09 5.82 34.39 6.10 5.83
mu115 dm4p31 0.30 0.23 0.24 33.48 5.74 5.63 33.48 5.74 5.63
mu115 dm7p44 0.12 0.12 0.13 5.95 1.77 1.56 5.95 1.77 1.56
mu115 dm9p82 0.14 0.10 0.11 3.85 1.37 1.13 3.86 1.37 1.14
mu130 dm0p30 0.01 0.01 0.00 0.00 0.01 0.00 0.01 0.01 0.00
mu130 dm0p51 0.02 0.01 0.01 0.00 0.00 0.00 0.02 0.01 0.01
mu130 dm0p86 0.04 0.01 0.01 0.03 0.01 0.02 0.05 0.02 0.02
mu130 dm1p13 0.03 0.04 0.04 1.72 0.21 0.21 1.72 0.21 0.21
mu130 dm1p47 0.06 0.04 0.04 6.55 0.58 0.60 6.55 0.58 0.60
mu130 dm1p93 0.09 0.07 0.07 8.18 1.53 1.53 8.18 1.53 1.54
mu130 dm2p52 0.22 0.17 0.17 16.62 3.16 3.07 16.63 3.17 3.08
mu130 dm3p30 0.26 0.19 0.20 24.85 4.13 3.96 24.85 4.14 3.97
mu130 dm4p32 0.24 0.20 0.21 22.69 3.83 3.57 22.69 3.84 3.58
mu130 dm7p49 0.13 0.12 0.12 4.58 1.73 1.50 4.58 1.73 1.50
mu130 dm9p91 0.10 0.08 0.08 2.91 0.76 0.62 2.91 0.76 0.63
